1929.9237646675356, 15.71439435970342
1930.9836975627627, 15.804966175251707
1932.0008118825237, 15.765567695445384
1933.0018943925554, 16.103500098195582
1934.0010825100317, 16.51183944863908
1935, 17.13421946599658
1936.0027062750792, 18.041515799166405
1937, 18.189214571394814
1938.003518157603, 18.880808125690464
1939.0010825100317, 19.36084290186136
1940.0008118825237, 20.221301043189555
1941, 20.825547392312046
1941.9928295190862, 21.365375692696716
1943, 21.80781190426535
1944, 21.743167406089015
1944.9989174899683, 22.057995785906314
1945.9994587449842, 22.323556138173444
1947.003517392239, 22.42936246696945
1947.9959405873813, 22.245893046050014
1948.979638150144, 21.493908336364143
1949.999999234636, 21.77850828974772
1950.9924902779965, 21.950048772087825
1952.003313847585, 22.83329013240541
1953.0005412550158, 24.123539079082434
1953.999729372492, 25.41041301591156
1955.0008118825237, 26.585752789686126
1956.0043300401267, 27.392618436048338
1957.0008118825237, 28.122400530495042
1957.9899883129349, 29.56022472600796
1958.9994587449842, 31.03485637185213
1960, 32.784046556990916
1960.999729372492, 35.83685391043343
1961.999729372492, 38.16325317523081
1962.972333503522, 41.73486775879803
1963.999729372492, 45.10402189452395
1964.9794361362178, 48.67220886133009
1966.0012174411036, 51.9044705998017
1966.9994587449842, 55.44837509755848
1968, 60.2139734579539
1969, 64.66939444530999
1970, 70.11962922806458
1971, 77.07391853396473
1972, 84.58518751574832
1973, 91.15924746729536
1973.9736187928436, 99.04320880354192
1975.007237563768, 106.2348655056827
1975.9939791119718, 112.53143593920686
1977.007101867332, 118.80521444131341
1978.0013523721757, 126.08602951911416
1979.0018936271915, 133.5011860439733
1980, 141.72584087023324
1981, 149.2458751995216
1981.9682070080491, 155.7012048402852
1983.0010146618138, 162.3458078051816
1984.0036530886748, 168.5698754538111
1984.9957378080912, 174.04323563654685
1986.0008111171599, 179.52185942712254
1986.9991881174763, 186.06275087429367
1988.0027062750792, 192.5595906651867
1989.0016237650475, 199.18679581103567
1990, 206.0840103058556
1990.9837654109806, 213.11491095589122
1992.0047348333428, 221.0921588332995
1993.0005412550158, 228.13114505547782
1994.0027062750792, 234.97806660298022
1995.000270627508, 241.37991075446388
1996, 247.96257919337307
1997, 255.6049017511384
1998.0018943925554, 261.59403211025017
1999.0027062750792, 267.34622746683516
2000.0048712951425, 274.0193335308215
2001, 278.81953729269225
2002, 284.77578489503526
2003, 289.8397736210324
2004.0024356475712, 294.32984664788455
2005.1046458632482, 299.41561965619115
2005.9727398274656, 304.85499774548646
2006.9957385734551, 309.2540339513353
2007.9797067637257, 313.289857874306
2008.968748263065, 317.9136233846819
2009.997023097413, 321.9992399460299
