1931.001887823269, 96.34039574093629
1932.0047195581726, 97.27012727136685
1933.0004719558174, 97.71538332006355
1933.9952804418274, 99.21566925516777
1934.995516419736, 100.54770371047334
1936.0025957569949, 101.56901296563296
1937, 102.76948906950008
1937.9931566406497, 104.9037561239636
1939.0047195581726, 107.13232268034551
1939.9950444639187, 109.15624574198944
1941.0049555360813, 111.51987633771046
1941.9964603313706, 114.45384979234791
1943.0058994477158, 116.100367515789
1943.9959883755532, 118.08157294545015
1944.9964603313706, 119.91510870474701
1946.003775646538, 120.1565363752228
1946.995516419736, 123.32005113327511
1948.001887823269, 124.25566947664527
1949.0049555360813, 126.50231512347591
1949.993628596467, 128.40097131628676
1951.0025957569949, 130.87989507979705
1951.9992920662742, 133.0206905117513
1952.9978761988223, 137.27679585750082
1953.9952804418274, 140.24396875894564
1954.9988201104568, 143.34203602732072
1956.0056634698071, 147.08485936088738
1956.9969322871877, 151.4901660088617
1957.9950444639187, 154.57217733670223
1958.993628596467, 158.09571053289324
1960.0056634698071, 162.17239824821672
1961.0014158674517, 165.26182642253053
1962.0004719558174, 168.35831935398738
1963.0004719558171, 172.74146206269432
1963.9941005522842, 178.4036169776549
1965, 183.54950994685885
1966, 188.89067502947682
1967.006371403533, 194.36161786809566
1968, 200.3821655967751
1968.9952804418274, 205.7955038169377
1970.0049555360813, 211.364209546324
1971.001887823269, 217.43583061587248
1972.0056634698071, 223.45422326116739
1973.0047195581726, 229.89442645437606
1974.006371403533, 237.54120081816018
1974.9957523976445, 244.0488357195756
1975.998584132548, 247.8323000827089
1977.0042476023552, 253.46247576383735
1977.9964603313706, 258.4273973805257
1978.9983481546396, 263.5278495145945
1980.0040116244468, 268.26336944485644
1981.0056634698071, 272.0504550490315
1981.996224353462, 275.20196382370426
1983.0075512930762, 277.44797449465625
1984, 280.7458320255444
1984.998112176731, 284.97645710846626
1985.9941005522842, 289.69884549121315
1986.996224353462, 294.04514300268886
1987.9990560883655, 299.53811813993804
1989.0021238011777, 304.4847428469984
1989.996224353462, 308.18596801056475
1990.996224353462, 311.7253518542679
1992, 312.2119758840531
1993.0056634698071, 314.8595278997978
1994.0056634698071, 317.4749553889885
1994.9941005522842, 320.70686062848256
1996.0049555360813, 323.48756257744185
1997.0028317349036, 326.593671646412
1997.9945725081016, 329.8727739959114
1998.9950444639187, 333.2444472578258
1999.9978761988223, 337.51881001721034
2001.0040116244468, 341.6552576867026
2002.0068433593503, 345.8462811663447
2003.0021238011777, 349.6095844675644
2003.9971682650964, 353.2704180891076
2005.009675094254, 358.76337533752405
2006.0033036907207, 361.8819521865109
2006.9924487069238, 365.34812291122466
2007.9948084860102, 368.898394673933
2008.9910328394722, 372.4795958854426
1930.0653773190816, 95.88721303410546
